"mkm8d_gtv_wavelet.HHH_glcm_ClusterShade_247","mkm8d_gtv_wavelet.HHL_firstorder_Median_245","mkm8d_gtv_original_shape_Elongation_240","mkm8d_gtv_original_shape_Flatness_238","mkm8d_gtv_lbp.3D.m1_glcm_ClusterShade_236","mkm8d_gtv_lbp.3D.k_firstorder_10Percentile_235","mkm8d_gtv_wavelet.HHL_firstorder_Mean_233","mkm8d_gtv_wavelet.HLH_glcm_ClusterShade_232","sub"
0.209909100187312,-1.14849349762264,0.69847015605371,1.10620067850787,-0.598579376183397,0.00517344766676063,0.44545330323928,-0.124807983878425,1085983
0.0740896270790667,0.00396361051846582,0.962137579248856,0.796438141055738,-0.302755531586833,0.248433194927765,0.416148706475976,-0.0981191345019383,1125173
-3.59017960345146,-2.53796357056174,-0.8858295034978,-1.6700560069843,-0.175691525432438,-1.23885908913723,-3.18505094393228,1.67885850127614,1154608
0.048225969573289,0.35420244804472,0.623014364482949,0.822227092376877,-0.784490427204673,-0.396879857292716,0.263441364858552,-0.147937216479997,1181124
0.633763858777057,-0.405519696145851,1.17941388477205,-0.241603380840388,0.681690407089302,0.407748513213331,1.45832780069482,-0.244634331275894,1183075
-0.240117653778677,-0.604046776625504,-0.643321885140262,-0.347241854915511,-0.895626713254779,2.51215005413342,1.17401304999182,1.73545943589762,1232870
-0.00965933129208888,0.405611081130318,0.753640874637782,0.738301545200129,-0.181985706843562,-0.263367225609038,0.327078475816093,-0.112274643009316,1279943
0.0730699670212398,-0.354768493264833,-1.48853422497875,-1.60397004644515,0.677514632522637,0.572743856764978,-0.178498046080334,-0.178406173166225,1329352
0.0308033322613676,0.112197530183444,-0.447657071602672,-1.37603671622577,0.0147575497178447,0.109990509638589,-0.082345889319513,-0.125557261127918,1330263
2.25501308038661,1.06237234245036,0.655066831636685,-0.578075999521888,1.40329983953102,0.695076671004959,1.02810118535929,-0.039501444544088,1364384
0.2697990386662,1.75601358148706,0.363635750342831,-0.943475186393943,2.70396422179923,-0.0543454522636625,0.724612720470369,-0.0480837952116569,1386095
0.360605358358935,0.809886603365027,-0.362001457343579,-0.982195069017342,0.538906799211583,-0.0604156143026717,0.0337112609569931,-0.16119798791838,1458656
-0.0176545404412862,-0.356730026353062,0.146635415210695,0.532727165187558,-0.592865437892046,0.289139990060569,0.262787785131307,-0.123619226407421,1485662
-0.00546838803572726,-0.168216273766385,-0.378308628064865,-0.213830036761333,-0.616624063772453,-0.970150808558503,0.496602339528462,-0.113425058970074,1497807
0.1034273373448,0.0419515826146651,1.46732281128987,1.70581052643604,-0.100316568413971,-0.230413925371261,0.0612406896544832,-0.122642431233802,1501387
0.507891328305121,1.4883777323831,-2.11439199153579,-1.33821568673436,-2.9371300219114,1.05337752571674,-3.36482225080523,-0.186734871432471,1518948
0.669624330546617,0.0811692773660441,1.18685892917443,-0.349201686809449,0.179459204753653,0.253376189963431,-0.00222068895393175,-0.278631962154253,1526417
-2.08811408191914,-0.717472228027398,0.353180363437608,1.23937153475419,0.381596549904724,-0.449898371542134,0.536829509006226,0.0954344573877153,1565177
0.0665036231208604,0.0509477203614213,0.44411516853019,-0.0479086016323747,0.231139860059654,-0.672692983034782,0.316663256347565,-0.122544275753419,1606693
0.0614864258873645,0.517859644306136,-0.520238955852486,0.403256439431639,0.336824091228393,-1.01433758582849,0.112013736758747,-0.12610027381271,1612262
0.291741808846494,0.0888332741379509,-0.310872187356838,0.430438044809545,-1.15852281723639,-0.392127511618579,-0.198541291320684,-0.168333457710101,1614566
0.0737065988172673,0.192994664350391,-0.32339521099519,-0.715574095612324,0.439243488587154,-0.804648224073121,-0.0187612961956474,-0.123586651685944,1644034
0.2059320891895,-1.23743835262217,-1.01341278083625,-0.840884954206186,-0.599045260681753,-0.0590684429864354,0.235904599809547,-0.115910618984181,1668599
-2.61942912543051,-1.31325538940625,-1.33231230633857,-1.05973398640578,-1.63483210809868,0.894403103640532,3.74710260060491,0.484117705409186,1671370
1.06769330283368,1.17442251735248,0.79617137603312,0.439891853901493,0.0974466435545375,0.241135175245796,0.12929226735557,0.124498431403967,1684230
-0.0034636264796766,0.427018512975843,1.21009201148683,2.13895556958249,-0.00489711896466755,0.571200985773006,0.239337059859128,-0.127200059684224,1692385
0.0907205616769525,0.0251417915446577,-0.328802924185343,-0.59684527512536,0.124525421542294,-0.449686573989835,-0.0912775179883356,-0.0202558502326904,1720713
-0.113994215783395,-0.00617230660359548,1.13386657406349,2.27236949683126,0.150680132872446,0.335499980665199,-0.329973217366311,-0.0926679733134013,1738800
-0.292061958064892,0.169691035241255,-1.2927661108235,-1.04667599375971,0.43889311532089,1.15936468236273,0.076037849864793,-0.143932982361055,1740845
1.64634175265112,-0.955067759613332,-0.364968697797447,-0.38251068760625,1.93876331808342,1.16001333209442,0.823244597926261,-0.113888548837386,1742294
0.266102122864773,-2.25146047127171,-0.278366282503119,0.308141245948789,2.02852759541979,0.417829887315769,-0.980512750006208,-0.0514985954478785,1767700
0.0587775278919245,0.238697684244025,0.346343764089411,0.146638646983544,-0.0409432919508024,-0.863796241553545,0.23320845340857,-0.119826573830561,1768972
-0.468285364827949,-0.984051950804591,0.344240716889966,0.00696185386081,-0.452833858567958,-0.811117360934928,-0.656092759466805,-0.104525132211186,1889409
0.0576291415473683,-0.342131594221039,-0.577509722958234,0.442788700561938,-0.659760066783283,-0.0909532861235909,-0.883002227013364,-0.125661956870967,1915938
0.00931467189991049,0.336762496152895,-1.03786059356782,-0.985615695821922,-1.26533800872209,0.350716577388019,0.330066853267133,0.0139206195573558,1916742
0.0769329940083892,0.594966442070719,1.8427269248102,1.24703259868161,-1.96282692142258,-0.625984520749475,-0.228177997031326,-0.114656931777385,1919296
0.0888696303126544,0.812705575808185,0.771152517679206,1.73857332311571,-0.0989067076959645,-1.14965128581826,0.0746877173845269,-0.123310167154957,1926770
0.304745750643684,0.0118102260595418,-0.834611120491842,-0.761800223154846,0.318917570502331,-0.504243540206294,0.227663833500677,-0.0388400019405254,1938156
0.121491131178607,0.36649801857891,0.416692437082743,1.2562956144084,-0.0866418607163556,0.72012370434278,0.141001353980677,-0.122131494642275,1938561
0.183121458888222,0.326134359643764,-0.382074986644887,-0.361338733660135,0.0720919860512311,0.172643445182624,0.505417337528658,-0.118522049700602,1966316
0.0941689740977935,-0.30114690672032,-0.547924233463134,-0.335140774967176,0.297985024182735,0.673508672870407,0.446224512498814,-0.123980850257497,1967281
0.120683784572984,-0.402201019291747,-1.15730347984324,-0.280617972851056,1.95832388818063,1.13620804476364,-1.75601594900696,-0.126997028380628,1973544
-0.787208169988809,-0.284887607529607,-0.21703094704056,0.427454114694408,-0.736679425582657,-0.850534116431032,-0.0348733924596271,-0.10215116416385,1975401
0.0323040230739622,0.641411542342134,1.03252010456709,0.509930861525611,0.660588176220501,1.5666943030959,-0.0871027182205824,-0.120064744665074,1976407
0.130080418609801,-1.45724082280079,0.0351420845702384,-0.064073624996048,0.842546688399992,1.38376087475007,-0.301663897630623,-0.12464435650055,1978972
0.059482988883106,-0.834633725431695,-0.577341057944758,-0.345372093150059,-1.69654549889061,0.440834384199191,-1.19018679587435,-0.123501321961281,1979045
0.0720507956070511,0.29508842213967,0.0236697483678978,-0.378005160806538,-0.440386335734388,-0.177930428783749,0.0454469762052377,-0.132112141094129,1979422
-0.805033721905057,0.718800205724171,0.343070831821898,1.05766164775072,-1.02240645524898,-1.1996926398393,0.817807066487231,-0.185841251440342,1980052
0.123276468920417,1.73878748428271,-2.19121090030807,-1.43450092633157,1.0310592354421,-0.15842516836044,0.154595921216889,-0.132277369302011,2001182
2.24404979491251,7.3112424177431,-1.22181136349908,-0.453477607326258,4.14357048611074,-2.30983976864179,-4.79177898135844,-0.239511444923113,2002465
0.0652961050164286,0.815851253730145,0.372198135177628,0.442172552647169,0.103483321083819,-0.33869865933938,0.449108212286871,-0.124152227602146,2004451
0.471201791924483,0.395234940425048,0.647199389606937,0.772404288106745,0.509474197634605,-0.158023352735897,0.581479191304475,-0.0818964231691229,2006164
-0.0148231423996147,-0.210220453146019,0.514079988310174,0.746043146170833,-0.325282687574418,-0.589385524939416,0.268210846083523,-0.121720112691531,2007309
0.0642854109045453,0.16194048629184,0.885186056919769,0.486699643587093,0.63378387936946,-1.26706130627943,0.379922570026544,-0.117568668115099,2009915
0.0107209092737151,-0.522509705679162,-0.450471195547387,-0.234061239857471,-1.07549550156879,0.66402418277898,-0.692889703016744,-0.151350527768107,2010259
0.133653216555698,-0.060471270238503,0.585254796088233,0.43034206122469,-0.693190628636449,-0.14967455205305,0.0285493547420631,0.0797109604224513,2010554
1.09632574609082,-0.385955881906773,0.678192645633134,0.478817889294204,-0.724182573349716,-0.328180117412907,-0.488449164771716,-0.269472502018307,2026671
0.109110648753211,-0.829869314458692,-1.58854706210476,-1.03515676602848,-1.54307298430952,-0.43745313474352,1.01009940217298,-0.0603261538857132,2033049
-0.162441811786087,0.313967564245276,1.0466531711338,0.776569667685776,0.339443417030287,-0.137408285764346,0.368651856579549,-0.00711158998632587,2034136
-0.0623313740392034,-1.13667207963092,-0.00270695504409918,0.153303632369458,-0.581224698981952,-0.709283140794967,-1.85300553429763,0.116695581909341,2040495
0.27077837216522,-1.87053488514245,0.302764231776339,-0.0731567912313076,0.336011021348809,-1.00111018161619,2.4689821727659,-0.120153493237355,2047354
0.00444183630792058,0.512078833858449,0.788102502295654,0.454618051219092,-1.1386524393687,0.418224443113635,0.499535018950812,-0.105299639968165,2051378
0.0134346964382758,0.00971829366449738,-0.198209299264224,0.0714198307559272,-0.178365524800341,-0.371565157301626,0.0146994858872411,-0.11172877074668,2055667
0.0863035555374023,0.29114614264488,-1.58528290215196,-0.57374190885243,-0.198206212661996,-0.204002360262104,0.0280672719831669,-0.13845080395853,2057358
-0.793303546817925,0.262803959170624,0.510499569468789,0.539081283123891,0.199798122576184,1.90557701530455,0.754663685062618,1.56347847803312,2059713
0.544415389113847,0.494653065735462,-0.874997442682632,0.0647948177149462,0.756797162150344,-1.16125280449872,0.979913962245121,-0.276244331684503,2069079
0.0496706719224793,0.265771323090668,-0.234723487803068,0.520089656951165,0.389615418299375,-0.775403117046006,0.462774445721718,-0.122851151406157,2070958
-0.217538054449701,-0.272488823611591,0.637006286057911,1.21540810717446,-1.80434801860624,0.87431232241319,0.212823870038431,-0.0641439930380257,2072215
0.112292686922863,-0.0488683587184554,0.0814454885282906,0.570864953549801,0.578436271995065,-1.04361488860871,-0.106410666814877,-0.126084991381908,2075832
-0.0196601384712939,0.207227832588359,0.518945383196301,0.737617989760641,-0.22035626639075,0.438071862324854,0.133835656629291,-0.128123518709079,2075846
-0.00984570709063485,-0.423107956054789,1.43976150825143,0.471198225516391,-0.0183281563834717,-1.47538108594924,0.431826074346975,-0.121669561845714,2076301
-0.026974710588504,-0.0679157941624095,0.93375773319947,1.51168731831603,-0.586549899854318,-0.603871404324593,0.0608669836131084,-0.100865911872245,2078198
-2.26068604104596,0.111454808483193,1.08052341945232,0.282082302169222,0.53224911440341,-0.204203110252057,0.0114916972366965,-0.65954443380469,2078899
0.125765138233526,-0.765916427070256,-1.47592074322733,-1.5128820344396,0.0283600232791487,0.217811877277698,-0.772540028192613,-0.130639861073861,2085349
-2.13194797861457,-1.01891262369943,-0.963367336552622,-0.865925462163489,0.746777203595548,0.948736909097714,1.07393786908296,0.434564407705745,2086044
-0.0896104594507377,0.0665015736222009,-0.277441920443354,-0.639969979047102,-0.447733325487556,-0.701185908888837,-0.136180950345193,-0.141204089048497,2091555
0.0915392747893237,-0.152032879043159,-1.2288434823846,-1.30091134352397,-0.237056764138819,-0.522165842768563,-0.223307563629034,-0.122723516738942,2092954
-0.0208706946985768,0.374499280687249,0.811028516226543,0.341945804417394,-0.0462026425093224,1.17403016354709,0.88154370847942,-0.122964879675927,2096627
-8.74289297700084,0.351736853066856,-1.61723324137741,-1.54680000823308,2.75948272908881,-1.64716310486882,-0.642738221723503,0.0966836156270976,2100050
0.101302288739873,0.730661983105206,0.65107443659903,0.347760754540267,1.41465069373333,-0.896679153036986,0.339765234302445,-0.14059184293137,2108003
0.0648730725382603,-0.0895671745326028,-0.579137527617302,-0.647003672373744,-0.330193248819374,-0.804394130139296,-0.00626326691162878,-0.134082843544791,2109902
0.184114877839621,-0.212596719810759,-1.00870233100653,-1.1419123702386,-0.183742412152225,-0.197045552434129,-0.173312550708646,-0.158540154255576,2110540
2.73210740594331,-0.88466643630243,-0.282689237492029,0.898159705694384,-0.281445207127137,0.106857736603533,0.0391395092224224,-0.125312510238786,2116787
0.587647156118584,-0.382777663458475,0.596201423943628,0.13822047208558,-0.360561952149218,-0.402669095603644,-0.348159778705473,-0.843334635499945,2119177
0.929134395686423,-0.491777392432563,-1.91942972262445,-1.55187043980609,0.113982610876714,-0.556479571397383,0.444613450968483,-3.82299471164264,2131601
0.517618993760882,-1.07385073106333,0.175738352897081,0.106031187669125,0.508842586455193,0.219616417674816,0.409250528194932,-0.142509829130094,2132424
0.0917947678162061,0.477406411071166,0.392679323655687,0.511034793104355,0.0819992807835802,-2.19804948532079,0.286081326203174,-0.127412301632436,2132982
0.144195172720406,-0.189664223135526,0.759244580460027,0.573837795299104,-0.910929632968731,-0.236302907387889,0.112968038760505,-0.133160448305893,2133204
2.68532979271622,0.66346013852169,1.62063023517723,1.82316197968891,1.22339059854377,3.66889643217637,0.617141104224662,-0.114172189978979,2133380
-0.019347262454434,0.711615197768959,0.461584670197623,1.5677657101161,-0.204340192221926,1.70443310084168,-0.355204993381565,-0.00592438531773517,2134220
-0.764989162215173,0.165019088911803,1.66246866076595,2.15395465938949,-0.239306371830241,-0.424405647975046,-0.296880818798735,0.859896675415539,2135748
3.24551327823102,1.59826315404168,1.03170229872514,-0.216163063505936,0.255151763596143,0.384941609873479,-2.0138693808417,-0.0965654445181241,2137799
0.0797765869972002,0.138038643883573,1.23099825543478,0.936222166486533,0.0819489867835556,-0.877801709799237,0.0290543785003537,-0.0755758110733689,2138375
-0.219691634957326,-0.528931575038008,0.404945351629495,-0.309558549851542,-0.673342890125482,-0.450700424568035,0.0163412686323767,0.529603697314256,2138678
-0.130764252506803,-2.51259573527276,0.711154850993972,-1.71187627432904,-2.41217269777884,-0.413116933131139,-2.04066855516935,-0.248347527515037,2139733
-0.27438478128976,-0.310796262149416,0.828222250128241,0.338523578532022,-0.262985831380466,0.503942794956279,-0.301769058158269,-0.11527776736619,2141116
-0.173561949930792,-3.50785511294285,-1.16997529686111,-2.43244707845226,-1.64081798199017,-1.26986107422109,-5.06423526066516,-0.1780665946185,2144796
-0.296733253217384,0.170364371121574,-1.21213826956798,-1.66087365449925,0.83759219094548,1.34652617063849,-0.351501146200261,-0.13135400100562,2145166
0.424064977798902,0.0688173714848918,-1.94533783358834,-1.45270728113733,-0.449487751327685,0.651158507322162,-0.292922956561045,-0.116056851211949,2145694
-0.541118429841366,-0.592069016515332,0.256617482807473,-0.935682879270665,-0.276409052445696,-1.49887451637738,0.424935180353565,0.116577139175855,2146138
0.433436873286113,0.366294161493752,-0.150842105640216,0.476463923880031,1.4021695601976,1.88417283673727,0.533011711053621,-0.0766169220574174,2151024
0.152347175920856,0.343807871514795,-0.676020906485583,-0.348384838551272,-0.550487273887439,-0.331142757987923,0.149527442813755,-0.131939250923425,215131
0.156715773509787,-4.17263290511712,1.18746518944587,0.48542790691272,-1.6762275992233,-0.89119388051273,-2.2770764525328,-0.121426876841751,2152442
0.0725101420491518,0.550228384075713,1.54085505221775,0.850062014786956,0.528217570360557,1.89634314705592,0.480751834883384,-0.126693741208594,2157529
0.118679308963747,0.494567919196241,-0.127979438218689,-0.727749079666295,-1.49658729308822,0.523820516052773,-0.0979539222209841,-0.134279556581639,2158101
0.182018753603688,-0.918795193341348,-0.266789248160318,0.170673210039386,0.179632200482678,-0.396293073910128,0.154516407664104,-0.151508411497876,2158329
0.00486040654493777,0.0153948584627418,-0.314425412825082,0.159850965595553,-2.14353985111384,-0.367293222766969,-0.50834580504048,-0.122013513913769,2168082
0.139466257028521,0.64586681831492,-1.26339605153975,-1.14296012443341,1.41114386610692,-1.17306769895466,0.0258276869933645,-0.123396443801738,2172217
0.249829143904537,0.519259993878851,0.643908338073263,1.63327776812404,-0.31772814024843,-0.246244450915566,0.42897027168833,-0.13997973502319,2176530
0.255423174343558,-0.47005971864667,-1.17609751493327,-0.521657464953468,1.19567515520806,2.49285217223748,-2.47856982805933,-0.812263559064967,2176784
-0.0143291834027131,-0.197767604865398,0.613580800527581,-0.132764810793344,0.948676196681378,0.0104245118693998,-0.408154351124835,-0.0786302948889416,2181724
-0.779511928271276,0.387113408390798,-0.404479952618977,-0.0868651303122379,-0.375252011447168,0.043592766105853,0.0958442841377539,-0.0278211218839307,2183291
-0.0381862766942211,0.063160661327448,-0.485987197468912,-0.856257366456982,-0.330371330800141,-0.0254024171553967,0.0622034944717032,-0.12683129770668,2183356
0.0242243767212768,0.0739719876463017,1.12577796179179,0.430046711793469,0.671775499443905,-0.68545133931458,0.556486076269332,-0.123255004140484,2185290
-1.33516516382217,0.137107180102367,0.389588823223062,0.927558975875454,0.0569323554957431,-0.512178846412977,0.0295321047407037,1.42239640706282,2186951
-0.0214478963639253,-0.261595935131148,0.542405279254365,0.151820853091267,-0.49761784804147,0.265269995578944,-0.717988866898804,-0.110174827701552,2196212
0.238520727958503,0.400560086866361,-1.31588969450682,-1.35350026963594,-0.220979641228764,-0.921247669103149,-0.908141374969201,-1.22517843329537,2199403
1.44028976282856,1.2454135762066,-3.09632341471798,-2.96958333153507,-1.12896722486019,2.09822851077414,-0.745758851783264,-0.114045773548442,2200416
0.0476637502729068,-0.0200413705990932,1.08340670556585,-0.413388766583921,-0.33814470739201,1.03310682704557,-0.0712176265962244,-0.071215755625721,2200813
0.1822606628572,1.30409539030156,-0.565318058793912,-0.188506419866587,0.2473834723201,0.562194697308593,0.562758642144418,-0.139906838990199,2205389
0.052183659750211,0.183584012658106,-0.969638558416546,-0.24541719093878,0.55199972103002,1.29173278658795,0.506517262973664,-0.0543270881426654,2212664
0.0801845380295927,0.377567472798651,-1.44436487196656,-1.0676863355403,-0.640630929361423,1.08344425573733,0.0397133594459219,-0.113100019718107,2217034
0.0769576030204954,-0.335212726304948,0.691709785097993,-0.71633635215037,-1.07204380752038,-0.38821951535187,0.738947004276596,-0.113646386127271,2218615
0.15953812350017,-0.109704647326989,0.862790503302103,0.125613307763027,1.53873146247213,-0.678649197359369,-0.30268588758162,-0.044072943881049,2219842
-0.0218378813558379,-0.162047050319107,0.792592428069282,1.39157940005862,0.558533181628854,-0.668231030427869,0.251960253379183,-0.000779061462054689,2224150
0.089673234680914,0.297870786490696,0.976348649085494,0.491883001873623,0.508411090086064,2.57877379922718,-0.195445930398048,-0.122935400389095,2228399
0.408721036739073,1.07451104814437,0.723891944943586,1.45628313098918,-0.299788577750484,0.413661484222474,0.392883579325174,-0.148805422153638,2228400
2.78163766945326,-0.473163016574284,0.596696918154888,0.362547636536768,-0.0473576654106419,-1.55067432667835,0.631967050684464,-0.0297615215248537,2234271
1.64126018553491,0.371119985682028,-1.5783978417463,-1.21092775176269,0.388746736175272,0.725797732360731,0.117935059254825,-0.0915450389110141,2234422
0.0637266130390126,0.324129976550887,0.373991172290205,0.0174495835981285,0.720475208526331,0.490641845543254,-0.265340077558185,-0.133958154707246,2237571
0.114483019359059,-0.343915911462263,0.00883582998078685,-0.368146584566269,0.467019565980173,-0.759770185045276,-0.94740364511769,-0.159320869491758,2244172
-0.277027175844107,0.309377956472936,1.59046987461327,1.46046603575632,1.57874132258095,2.59587416315134,0.532692293016302,2.51703036398931,2247869
0.100459973040094,-0.21882823060462,0.474021129580263,-0.60620266714862,2.13112606695434,-0.0467229498935265,0.541698543458295,-0.126877975143019,2250648
-0.105773055667739,-0.412867459444192,-0.150773615415505,0.714246806410511,0.425797075576891,1.39314435855724,0.11072650520782,-0.087550418165844,2250836
-0.159775812011704,0.585290625500874,0.351942814041002,0.884916875407764,2.28569860412499,1.26097574174342,0.756711465288679,-0.15964195749656,2267382
1.29685351770243,-0.581091016636625,0.481074868852358,0.949334846541333,-1.83555011422358,-0.636517897973946,-0.457429458018394,-0.323354893659485,2269346
-2.39255795090702,1.34802193817266,-0.00380793486415735,-1.01416526884891,1.29882714217354,-1.13492172877232,-1.38692804027871,-0.680399148655277,2271329
0.0554094336524015,0.413826017828724,0.176927244099817,0.00679825767381911,0.950073727942938,0.440066736438865,0.427950439220518,-0.0871572677091859,2274521
0.0617170596647954,-0.112972668491333,0.985009278007516,1.07009904270962,-0.179442795992078,-0.880798755639828,0.352971741422242,-0.125905817038804,2276121
0.0750990951119271,0.825124073803173,-2.65608044675613,-2.48146952487975,1.35128137728656,-1.79085843258383,1.56017959491562,-0.224234913402813,2278618
0.0744110572182057,0.321906656509607,-0.668671858529148,0.120696561341397,0.0459891507019375,-0.355950532689915,0.25275245634382,-0.107363524739381,2285214
0.0167357054837319,0.278760097323838,-0.917188119462901,0.0931677353198432,-0.384014113684904,0.26053374778136,0.0547224274233196,0.116043417459361,2286108
0.0593581825790502,-0.00628897458139729,-0.765044059585851,-0.227004631007545,-0.306883475255326,-0.792852583940116,0.115589808976033,-0.0751027524798589,2293123
0.0466528350310747,-0.348044973929646,-0.671267788708524,0.113982417952226,-0.725413770752076,-0.560076973340004,0.494543688945881,-0.115626450224636,2294852
0.0297727817482996,-0.844568706560662,-2.2228782500932,-1.81464887504744,2.25275418297656,0.717450509901076,-0.733585944949902,-0.12928028392365,2294873
0.0819525690807094,0.238077200363288,0.614854590865542,1.58873042549151,0.451758080242932,-0.749227338481657,-0.124142388243707,-0.115873280931722,2296332
-0.262592519931772,-0.36804840154291,-0.944097027597603,-0.858681236363903,0.198987461739352,1.70030857235311,-0.453304400200719,-0.121054410249794,2305114
0.00254635456035519,0.398271575956912,1.54090329665011,0.678982620645194,0.392160583976481,-0.442774903345138,0.474116953707707,0.458645417395011,2305115
1.19831336790282,-0.762916654402462,-0.469487291772843,0.218082939681389,-2.48517992497197,0.725326159271121,-1.3465626539985,-0.196670864484676,2306459
0.0611536514390002,-2.60031937172875,-1.02613018105618,-0.732855928121595,1.54246873268661,-2.07211043108832,-0.80912043368572,0.594038147474725,2306893
0.275315026150313,-0.221398580775805,0.862886469815465,0.196712412949358,-0.464110646528156,0.364099278762363,-0.0940535819457042,-0.0899115457537406,2317120
0.0359368560065664,0.258114117308734,-1.11177402168498,-1.25099291612695,-0.281986459971174,-0.473478919890441,0.479531323565973,-0.105195488761046,2319068
-0.108192672734545,-0.00713444844041015,1.27201770318929,0.631699847487318,0.502176870788219,-0.845677923670896,0.0676810922246668,-0.100183390413045,2321962
0.355044010518913,0.291579448217255,-0.494208393595623,-0.0801224141365286,1.56301179425192,0.478300455830639,0.325609030676247,-0.128214495413898,2331869
-0.0645017983772901,-0.247006586936553,0.437938483147475,0.056741752418524,0.0278747745364977,1.00378596530527,-1.55130468578662,-0.123933730541704,2336735
-0.139902016345032,0.431999567949794,0.665981154450617,0.0377043424584366,0.0287087877532167,-0.14646981204046,0.882961683190346,0.0204270541656529,2339674
0.0708193336572735,0.242117461631905,0.805638481537991,1.21265909994569,0.138929584270335,-0.293744549953708,0.0589546534597943,-0.116142685958519,2340155
-1.57535024474068,-0.0546353587699748,0.697918505887181,-0.142598647094511,-0.530988931979862,-0.689615323382938,0.476829888740362,1.93907341051806,2340322
-0.310696566633866,-0.0973336774765722,-0.267541603527099,-0.445483527244484,-0.773455477906199,2.23477669694428,0.299727206859702,-0.233289260116156,2350037
-0.95595585058692,1.56149165645981,-1.62843023196744,-2.00873917157198,0.34642164722277,-1.1096240735917,1.48136463177754,-0.15747673576349,2352038
0.0992775400595807,-0.0333354055419523,-0.327008254349914,-1.0727941499547,-0.124729939748423,-0.593605693753392,-1.80691724984633,-0.124431883239762,2359944
0.0747116826272618,0.0231318078617319,0.52893415509897,1.17868783041859,-0.793370663301328,-1.38966841571008,0.251631849690835,-0.122119258207094,2381907
-0.149057180110863,-0.180100664353358,-0.582033799411317,-0.142104774913684,-0.191213625895223,-0.643756576463919,-0.0164343350263446,-0.308154796465048,2393207
-0.164917182147881,-0.47714308138327,1.48211371560253,2.34221567091547,0.866804026363044,-0.00712785517679311,-0.181431087866651,0.199882146810293,2395415
0.0355826191327527,-0.0430829975168152,0.391610550112764,-0.0947126209329558,-1.2103405905951,-1.23182494837288,0.708775670697356,-0.119835327174467,2395943
0.00522866872355629,-0.28139642371676,-0.196373083295275,-0.725579993920798,-0.520570292279123,-0.020996018004828,0.160251090603885,-0.122955224817263,2401405
0.0907580964325249,0.27153941251186,-1.59034292545739,-0.62996038341641,0.112778042618161,-0.60107921185425,0.0849376669938709,-0.133742803004324,2405144
-1.21609261443577,-0.17670631144799,0.00569517953620561,-0.628105766968696,-0.00128695518607815,-0.600897084897957,0.329648083422328,1.17962606238312,2414406
0.204942104686923,-0.735612095541021,-0.048728334177061,-0.169891566786338,-0.400878831866942,-0.401930487150039,0.256327520808742,0.00520281296359222,2419459
0.304604716644045,0.0864118601284879,0.247656398073319,0.975617241015594,-0.247438068296945,3.64429761422493,0.231582433538139,-0.129634964038172,2425694
0.0160366516542907,0.0425918508542883,-0.0716196818557047,0.145606826841871,-0.542959624733541,-0.35409138577037,0.496477015728421,-0.000363802395037609,2426863
-1.10155135701973,0.139995520794977,0.601133397127539,1.27849553478489,-3.00874295598072,1.4096973946786,3.02940418959458,-0.206376103513546,2430773
-0.181663022265758,1.0904707003933,0.403744438963613,0.320157821288022,-0.318134723790379,1.24714387804878,-1.08488693576679,-0.121408961994065,2439458
-0.414980881879404,0.324173775361379,-0.993320575304859,-0.412792626933663,-0.10009204819073,0.319151166624819,0.57396308802103,-0.149628837181537,2443354
-0.0208408273262821,0.109702908774958,0.947520160246129,0.308365232333617,0.636430103997171,0.0527208934006461,0.612118660751661,-0.108223470979733,2445526
0.289839533582005,0.335394036998811,0.497474819764765,0.82104735868662,-1.56943921066032,-0.469287474738548,0.588882891954433,-0.133752895254652,2448298
-0.249413157064614,0.0110239910690769,-1.04922563250274,-0.538612061823148,-0.169715199803019,0.308973205263065,-1.45304255636598,-0.197599444716031,2453577
-0.368222806240416,0.90850913740513,-1.0042606702468,-0.370413637529496,-0.0647966446455448,-0.875393025564425,2.91803952611264,-0.173937040376865,2474709
0.00911161891232438,-2.26142265150153,0.976272264496466,1.22757954910264,-0.915339014996209,-1.02541481876473,-0.716939642268558,-0.125325573423147,2480056
-0.455312324825882,-0.678641048663923,1.05047352623718,0.673895205279498,0.0313827455390427,0.157980173510728,-0.358607103926964,-0.0596867417581048,2480330
0.0182894233951863,-0.0149008986729438,1.10606858674729,0.852702250650153,-0.108524020202723,-0.216083974437401,-0.0967489874062943,-0.0496093501630919,2487135
0.143279647775278,0.137257759103837,0.86384808486688,1.72898509722018,-0.130911637302108,0.0611498678216204,-0.439746219697794,-0.195751169735004,2488660
-0.638549336516977,-0.415297808042015,0.457473961669387,1.29078680587881,-1.62586474430546,1.70740584204513,-0.281399241097978,-0.105632755584865,2490180
0.0517649019999016,-0.320097159847222,-0.840181309680952,-1.63573139695041,-0.000555866886318646,0.445580416980562,-0.707127031487107,-0.140759695287102,2493534
-1.99842926387872,-2.38025798297771,-1.52926985863685,-1.14829203986268,-0.268488978313918,-0.198195130206789,-0.481690514539644,-0.274928356680505,2498991
-0.0130909199519365,0.235149225063611,0.214250694668852,-1.66644427758114,0.838113505615061,-0.709095332235183,0.225739539365053,0.19514502469576,2500377
0.541836530306554,3.19282456797772,0.0131662796200682,0.226685814118851,-0.695385724334137,-1.04341824199905,2.35033207383384,-0.11167849929466,2504802
0.0219303396201488,-0.293186987948091,-3.56490109803309,-2.82786225545807,-0.0083588753876196,0.526376606333671,-0.407356673324773,-0.13768962548001,2510402
-0.573820700267475,0.298643729414112,1.54439226209418,-0.0290918086197587,-0.217817560160565,-0.380558819980502,0.261819402105695,12.2714094696266,2520618
0.0229680516255919,0.182891173546558,0.0973193611559645,0.087867840118878,-0.580767586335342,-0.621091397566662,0.355148545458768,-0.0766220213392377,2559453
0.0219200345008311,1.07761283501082,1.74606729567088,2.16075522535239,1.85356609841791,0.456357787510435,1.00924025671109,-0.128943691193746,277752
0.0655189615024808,-0.302354578424876,0.93201283840556,0.136570745668241,1.02432924027326,0.649275055765471,0.00294376786347483,-0.12488584055755,308862
0.083895287363008,0.404994976691368,-1.62173293692513,-1.58426747718927,-0.321661239441996,0.744838679521106,0.389926719554556,-0.128542137620622,58325
0.49435227317608,-0.508394356285343,1.30483313900889,1.51509760497956,0.172842100381871,0.150267712418678,-0.206223904922401,-0.137606185435542,92173
0.0484531854610727,0.566215288136928,0.480287095170157,-0.303376539592044,0.630763108462476,0.587464891405684,0.131568511265074,-0.123091349077273,923666
0.547209234377787,0.913653351843218,0.301654514283517,0.463397128242179,0.0308561454416053,-1.72649470310024,-0.142269109865937,-0.125780386646772,965005
0.0471204385800356,0.110280327412684,1.64686895508772,0.440430964705138,1.12098744405742,-0.0576695059495237,-0.397221989164928,-0.124230899048675,983079
