"f","count"
"wavelet.LLH_gldm_DependenceNonUniformity",146
"wavelet.HHH_glrlm_GrayLevelNonUniformity",79
"log.sigma.3.0.mm.3D_gldm_SmallDependenceHighGrayLevelEmphasis",26
"log.sigma.2.0.mm.3D_glszm_SizeZoneNonUniformityNormalized",122
"log.sigma.3.0.mm.3D_glszm_SmallAreaHighGrayLevelEmphasis",75
"wavelet.LLH_firstorder_Skewness",166
"original_shape_MajorAxisLength",25
"wavelet.LLH_glszm_LargeAreaHighGrayLevelEmphasis",18
"log.sigma.3.0.mm.3D_glszm_ZoneVariance",5
"original_glcm_InverseVariance",4
"wavelet.HLH_gldm_DependenceNonUniformity",2
"lbp.3D.k_gldm_SmallDependenceLowGrayLevelEmphasis",3
"log.sigma.3.0.mm.3D_glszm_ZoneEntropy",17
"wavelet.LLL_glcm_Imc1",1
"wavelet.LHL_glszm_SmallAreaHighGrayLevelEmphasis",3
"wavelet.HLL_glszm_SmallAreaLowGrayLevelEmphasis",12
"wavelet.LHL_gldm_DependenceNonUniformity",1
"wavelet.HHL_glrlm_RunEntropy",2
"wavelet.HHH_firstorder_Mean",1
"original_glcm_MaximumProbability",9
"log.sigma.2.0.mm.3D_glrlm_RunEntropy",1
"log.sigma.3.0.mm.3D_glrlm_LongRunLowGrayLevelEmphasis",1
"log.sigma.2.0.mm.3D_glszm_SmallAreaLowGrayLevelEmphasis",1
"wavelet.HHL_glcm_Correlation",9
"wavelet.HLL_glszm_GrayLevelVariance",1
"wavelet.LHL_glrlm_RunEntropy",1
"log.sigma.3.0.mm.3D_glszm_LowGrayLevelZoneEmphasis",1
"wavelet.LHL_glszm_SmallAreaLowGrayLevelEmphasis",1
"original_glszm_GrayLevelVariance",5
"gradient_glszm_LowGrayLevelZoneEmphasis",1
"original_shape_Flatness",1
"wavelet.HLH_glcm_Autocorrelation",1
"logarithm_firstorder_Minimum",1
"gradient_glcm_Imc2",1
"wavelet.HLL_glszm_LargeAreaHighGrayLevelEmphasis",4
"wavelet.LHL_gldm_SmallDependenceHighGrayLevelEmphasis",1
"lbp.3D.m2_glszm_LargeAreaHighGrayLevelEmphasis",1
"logarithm_firstorder_InterquartileRange",1
