"f","count"
"min",250
"std",250
"kurtosis",250
"energy",250
"v3",250
"v8",250
"v33",250
"v42",250
"v45",250
"gradx",250
"grady",245
"gradz",250
"m110",250
"m101",250
"m200",250
"m002",250
"m210",250
"m201",250
"m021",250
"m012",250
"m102",250
"m300",250
"m030",250
"m003",247
"m222",250
"volume",250
"eccentricity",250
"density",250
"sphericity",250
